CPU utilization = 100.000000  
avgWTA = 1.708333 
avgWaiting = 1.750000 
StdWTA = 0.581843 