CPU utilization = 100.000000  
avgWTA = 2.000000 
avgWaiting = 2.500000 
StdWTA = 0.235702 