CPU utilization = 99.512192  
avgWTA = 8.795532 
avgWaiting = 70.181816 
StdWTA = 12.255901 