CPU utilization = 39.130436  
avgWTA = 1.291667 
avgWaiting = 0.750000 
StdWTA = 0.297559 